100
2
0.2500 0.5000 0.5000 0.2500
3
0.0000 0.0000 0.0000 0.0009 0.0013 0.1776
1
1.0000 0.1234
2
0.6824 0.7274 0.4775 0.9264
4
0.3999 0.4005 0.4002 0.4003 0.3996 0.4000 0.4001 0.3997
4
0.7832 0.6377 0.1057 0.8496 0.0569 0.5882 0.2776 0.0150
4
0.1856 0.7043 0.4003 0.3766 0.8632 0.4398 0.3421 0.1166
4
0.4501 0.1076 0.2729 0.6727 0.5977 0.2069 0.0172 0.1192
4
0.3041 0.6882 0.2015 0.1301 0.5240 0.6514 0.9199 0.6942
2
1.0000 0.5000 0.0000 0.5000
2
0.9996 0.1866 0.3988 0.5648
4
0.2809 0.5404 0.7071 0.1134 0.5694 0.3898 0.2943 0.2885
4
0.7502 0.2825 0.9113 0.6940 0.9411 0.4826 0.1564 0.9902
4
0.4360 0.9200 0.7064 0.1324 0.1222 0.8465 0.3799 0.5497
4
0.0007 0.0007 0.0007 0.0007 0.0007 0.0007 0.0007 0.0007
4
0.4587 0.9483 0.7051 0.2204 0.1180 0.2795 0.6934 0.5526
3
0.5795 0.6634 0.9460 0.9124 0.1881 0.5976
4
0.4999 0.5000 0.5002 0.4997 0.5001 0.4998 0.4996 0.5003
4
0.2433 0.8890 0.9364 0.7938 0.6454 0.2663 0.5180 0.7883
4
0.3999 0.3995 0.3997 0.3995 0.4005 0.4004 0.4004 0.4001
4
0.8708 0.1315 0.3841 0.6566 0.9574 0.9907 0.2982 0.8233
4
0.0595 0.8059 0.9967 0.2178 0.4370 0.3955 0.7549 0.3996
3
0.2172 0.2026 0.6280 0.1898 0.5112 0.7481
4
0.3996 0.3996 0.3998 0.3999 0.3998 0.4003 0.4002 0.3996
4
0.7037 0.7756 0.9026 0.6366 0.1685 0.6396 0.2798 0.7533
4
0.1322 0.4238 0.8107 0.7526 0.0744 0.6291 0.5689 0.0543
2
0.1430 0.9907 0.1918 0.5007
4
0.3989 0.3989 0.3989 0.3989 0.3989 0.3989 0.3989 0.3989
4
0.5000 0.1000 0.4000 0.6000 0.7000 0.3000 0.2000 1.0000
4
0.3050 0.0973 0.0900 0.5177 0.8795 0.9637 0.9129 0.8367
4
0.0159 0.1903 0.6634 0.5406 0.2763 0.9756 0.7085 0.3024
3
0.2787 0.2517 0.7415 0.5212 0.7501 0.0349
2
0.1803 0.8965 0.4467 0.1636
4
0.0538 0.6916 0.9036 0.1342 0.9638 0.0127 0.7808 0.1833
2
0.8219 0.2604 0.9929 0.5844
3
0.2711 0.6466 0.3973 0.5480 0.2653 0.6941
4
1.0000 1.0000 0.0000 1.0000 1.0000 0.0000 0.0000 0.0000
3
0.8964 0.9483 0.4895 0.7738 0.2282 0.1051
3
0.3569 0.0925 0.2034 0.2802 0.2794 0.9650
2
1.0000 0.9999 1.0000 1.0000
1
0.9876 0.1234
2
0.9035 0.4664 0.7296 0.6252
4
0.9826 0.4178 0.7053 0.8288 0.6795 0.0838 0.0485 0.8559
3
0.3045 0.9840 0.5715 0.3359 0.0500 0.6115
2
0.9997 0.9999 1.0000 0.9998
3
0.7954 0.6436 0.3800 0.1193 0.0947 0.7410
2
0.4187 0.3226 0.3145 0.2822
4
0.2395 0.7063 0.1018 0.4058 0.4144 0.3452 0.8602 0.6662
4
0.1376 0.4185 0.0934 0.3570 0.9593 0.0338 0.6612 0.9500
2
0.1411 0.6780 0.1091 0.2577
4
0.2725 0.0705 0.3673 0.2389 0.7517 0.5980 0.9032 0.4939
4
0.7670 0.8188 0.5123 0.6708 0.0150 0.3777 0.3909 0.0248
2
0.0391 0.3799 0.6748 0.7346
3
0.2979 0.4892 0.6907 0.1771 0.8366 0.8896
4
0.9810 0.9810 0.9810 0.9810 0.9810 0.9810 0.9810 0.9810
2
0.5001 0.5002 0.4999 0.5000
4
0.4751 0.4273 0.5851 0.8753 0.5303 0.9018 0.7371 0.2424
2
0.9999 1.0000 0.9999 1.0000
4
0.4444 0.6667 0.1111 0.7778 0.8889 0.5556 0.2222 0.3333
4
0.4996 0.4999 0.5000 0.5001 0.4997 0.5002 1.0000 0.4998
4
0.9244 0.3644 0.2368 0.8813 0.2126 0.8353 0.8271 0.2445
3
0.6885 0.7450 0.9084 0.3594 0.3972 0.4503
4
0.6920 0.9720 0.9352 0.7964 0.3748 0.4150 0.7567 0.5681
3
0.2638 0.7170 0.6990 0.7314 0.5362 0.6053
4
0.3998 0.4000 0.3997 0.4005 0.3998 0.4004 0.4005 0.4000
4
0.5628 0.3257 0.7144 0.3111 0.0197 0.7235 0.1509 0.8346
3
0.4174 0.4512 0.2219 0.5737 0.9150 0.4636
4
0.0001 0.0001 0.0001 0.0001 0.0001 0.0001 0.0001 0.0001
4
1.0000 1.0000 1.0000 1.0000 0.0000 0.0000 1.0000 0.0000
2
0.0004 0.0001 0.0003 0.0002
4
0.5000 0.2000 0.0000 0.3000 0.7000 0.6000 0.1000 0.4000
3
0.7146 0.9712 0.8866 0.6465 0.4324 0.6936
4
0.4998 0.4996 0.4996 0.4998 0.4999 0.4999 0.4997 0.4997
2
0.3936 0.1659 0.5037 0.5467
4
0.7176 0.2747 0.1106 0.0217 0.8145 0.2018 0.5243 0.1718
4
0.4002 0.4000 0.4000 0.3999 0.4004 0.4003 0.3999 0.3997
2
0.3329 0.3337 0.5025 0.1213
3
0.8672 0.4590 0.7958 0.0874 0.2360 0.1065
3
0.8277 0.9554 0.8765 0.3172 0.9960 0.8448
2
0.5000 0.4999 0.4999 0.5000
4
0.8858 0.5795 0.7983 0.0497 0.2015 0.5790 0.8698 0.9660
3
0.0967 0.5574 0.1866 0.3447 0.6441 0.2888
2
0.5001 0.5000 0.5000 0.4999
3
0.4689 0.4000 0.7492 0.9983 0.9251 0.7543
4
0.2860 0.3695 0.6992 0.1447 0.4714 0.8066 0.6869 0.3280
4
0.2651 0.8099 0.1199 0.4906 0.2059 0.5517 0.9618 0.1689
2
0.3307 0.2500 0.2730 0.9887
4
0.3079 0.8092 0.8880 0.4547 0.5596 0.9587 0.3194 0.6061
4
0.5000 0.4997 0.5001 0.4996 0.4998 0.0000 0.4999 0.5002
4
0.9030 0.3060 0.7137 0.0077 0.6129 0.0402 0.0411 0.7065
1
0.0000 1.0000
4
0.4000 0.5000 0.6000 0.4000 0.6000 0.6000 0.5000 0.4000
4
0.1089 0.9154 0.0870 0.6674 0.4005 0.5843 0.6236 0.9079
1
1.0000 1.0000
2
0.9011 0.0457 0.5204 0.5108
3
0.4720 0.8730 0.7102 0.7172 0.8774 0.7964
3
0.5470 0.5752 0.7089 0.2721 0.2583 0.5252
4
0.9143 0.3416 0.0228 0.7793 0.2285 0.1067 0.2719 0.3235
1
0.0000 0.0000
2
0.1617 0.8753 0.3010 0.1634
